8
0 -1 -1 119 -1 -1 160 147
-1 0 211 281 111 -1 -1 -1
-1 211 0 208 123 338 133 -1
119 281 208 0 -1 -1 -1 -1
-1 111 123 -1 0 240 -1 -1
-1 -1 338 -1 240 0 -1 -1
160 -1 133 -1 -1 -1 0 142
147 -1 -1 -1 -1 -1 142 0
